$ANSIBLE_VAULT;1.1;AES256
66333239306365653835613165356630326235313135616562343461343765313930383133646231
3438653763653564343136666665373835316437383662370a653339393361653339663832366566
31323939333030666630643164386133373033356137386465633936663835363662653734643031
6435386530646634640a666162613361646165323662616534633431646330353934636365366636
39613334303062346539643038616132356663343565396538323333316163633661653635383536
66666133386333666565366263633635396335623862363833643033663361643839663539616330
64623833373666353964626461316565303034396634313361356235366331386433383138616330
66333163376665353365303732366536653438633063623365306635366463393763373666316335
36646637643436646137333938613137346663316638343731663831366164326262396233303465
35313634646363643730373137666330356663313636663835376334343263656338323064653030
62303261653362646666623061346133396331356662653939643166386236616537333839373032
65346661363733643964363931356133343232613564386164316261346662363062656666306261
64393462356132303965396637386661646530656637663132643933343166386332343063343435
37333862666636663466376335613163663465333137386361326232343065383637386437336438
62376632323764346638316464646465383063313137313261393435393439366132333531373564
35626461383235626631643263336331313932643664323163346465636634633934643936613761
62633236343938303935396638653732336164343235343531633062303939653931633837393562
30343336383265353264663761313136306263613561393366393963366566303362396336383266
35633464666366346539666635373933393233373962343561343362306131386431396630313833
33336161333036616264393166363463306166356238326661303031306431386463316635356662
35393766623461373034663632313664363762626464393138393265313531343566313830383132
65376332376562356436363339633236343730653838356137643530366637313962646337663964
31343832343436646361353432316463653136303431633438313865626561303364363164646436
65393430633061613433343762636235336634303230633265393931333430353639306536386666
32303165353162663338616237616161623830386630363661366639656531326466616438663135
34373163353531633437346565323432303061313166383562663930316564653138653863343237
63663564316539626466356665656462343565326438333730373463616635656239346136666633
64626338356463666138316236633363653630613861613135313565393537633433383239356663
38326336653638323962663866393362623938333463613638373433343562363137393364343534
35383038636530356561313937333362636665626131393337353764393335393932326163366335
35653162613662663439623261613263636537326439623237326537646238633564336532386635
66633131363361396365383864623136393435336561666165393336666562626233356139343636
65303739633036633335326537376530373462653661373434653766623265346232303136333462
61326435396263346563333334663765356131393235653132303133376564656338633735326139
38656662616561313636366434633438306436303362643237383561663731663864386530666264
32643532313033326463333863633163393564303932393136373061313037363730396632373966
32613530643065396362363161333635646339303962353263636332653432303133343665343031
64633061343130363233333530326437366332393737363362393432393232373732343063643836
32366537616663396237626666643061393230653462333334636466613739643533366236336135
34316438656432356539613165656631636239626337393139386338646232336563396539623464
38386565613735636437393161336663323432393439313166646134393437626165353165636137
34633461386435663937343966653566313934383637636431633832313430383037613935386631
36373432393330653539346266353564303531353965336663303662306336623132663865666630
30306336653066613865376533643463613030656638353930633639336332633531636239616433
66346137646436383463666539353338613533363335626233643162623531623466653432626132
35353834323237366535373730643031613339313839343532316563373837346636333735613932
39633938636437616464393765353034356564343933343038313631373365336134633039636633
32363439626461666336313937616331353864656133353435666462333734306261616434333865
37373130353435326463626631623939616439343662323436376531363565323062306434313366
36353131336663353261303662303131633962336630313134363338386539333763363463303031
63306363343364306562616332393463356463623763336135393332333739613965326663323337
35656334313831383336663831613436613337653839383437356537663635386165613638303133
34326261313735323663646261653162643966323563303936333131353162363730383030303930
62336535313064636438353836626136386431663834633964653533663336666433323161666633
63626639646535663737333339643233343364613130633533333431343062373635346639333333
33656636616539303165616161396132346465376265643362323636343338316239303736303861
39383330313830383461303862663733653031373535626131616536393730666135323436373232
35353261393663323337333336636334356266303865633862653137346361363533623530396634
64636431303665386630336163316534386233653065653764666435303237316262643938343939
37343062323564356336633238376332633663313238633937633332306437383937353634366461
34356639623032643266316566383033333932316334396438663236313239643338643835393963
32646565333339346166346638666131343139333439396436313630376234316466333061323437
32396337376165343861376164356536373661333965366663383735343633653861353065656562
34323734353061373738653739393065336238316136373966373063646435373139303661333533
64366235346233386639613838633562303731653765616536313665663431353936393964376130
63363632636534396266326630323939343363373562383964376234336334636333656237363934
36373831363338613439336630326563613262623834616361313534663731356332373864356364
65313238356161636161393834333737363133373863303430303238303437373934613931343932
31336235636566326365633663643134333633356466313161653430363836646436663962616538
32656630643238666135623937616262316636663638363736363863633965323236353130323931
31326634313163306233323132616139396162396134383531393465313838386135353432633334
32303632663033343262626166353333666162643331653439653466316634343532386531626661
39616138663536666236356565633036366137303264336566306630616339333834346235356637
61613261383933636335613761656262666662303565313564396639306361373035383332346664
31633561373064616564316430366432363162613836326162303635313231633934303962653234
37326235656161646564316364373234383537393365306661653463346565353764623262616362
65363831356636383064313565386431663732613563383937356134656235646363323237366235
61363862336437643266393530376434366132366633366635363032663235383965363965666635
34353932353636393235643137316235316633313562643637386662353235666333363538656637
61613231303836396363326263343262373361613337313937346634623032373265656234346239
63353863373231313735383336366463633839333065336465323566396434363465666563356639
31323730663938366136643262343864653165646332613463633733313138393130363634396466
38613034653161353032353138623861626433393230356131326637613333393438613334613038
63323936376530346564353738663631633162346131356462636136373335336339353661613339
63326666353237376138306334336631366630646361303666386363373430626537336563306636
65333836626335656434356366366439623063336230653033333436643434353865336464623430
39353831326335616564646537393531346231623739653432653466323933643334323861343135
33616266616536653730636338663533396238346239656461363964316631396564336534323536
37623339663139313834306132333566363539633531363033343432633837633934333139643262
63646364303437366236643662626235396565333337633133396164646134353235366134306261
31636239396464386230313631326637343934653261326234666635626664393564376431323630
30306330373661663736323364666138666661333034633262373037623633353732356432383538
32626563333837393536376330326164356662653263623265366663346134396364346564396230
35643634356362626639336334323263666562616130623236383365363331323366313466373137
66616639346164383132333937333861633530346138323464383838626130633836613638316261
62316134386431353232316638656539363661313838396532666131383363393734343539623136
33666634303337633261363836313164613631383930363266653732306636343164316264613230
66623565316462633963376466303233653261623538386632363335373063326232656230643130
63613135316664306633616434306632353434616536613565356464643332393932346263353064
34303863373230343836353432386535623935663663653866356564373037366630386138383962
35633738323036383238373162306563336435393333323632613366313365363031626437306562
32643132363066363063626230343166656235633437653532636133626137646439666330373664
64613336633666393636303561316335346632363433363836366133353062303665303162356335
66653236636331376564363065336166666262353939633530356535316562643465656666646637
34303266643835616533366234636366656263626638306631326463323864623637613563346634
61666234333366613138336638656563393262383133383566646533336561343966633165656265
35313234656131643931333432303539366137623861396434616466366338656533346536326330
36633039333739313230373836336138616634386537363962343861323336303166633264373737
31653165393336663531643531356538363262643636356138363664323462306631303930626663
65386662366366646361636332343936616139626138353838303133373363616538653639306265
37636164396636356162386265636161656439623036336232356564316233383639323438306535
32623562306334663866366232326136333637666336343134663832613430363239386434313438
66636531653261326337343433633930346433326532356531656231316338363633383631386539
32393563633133633538306639616661633133373466376437633866313733316232346131393830
39616234346665326466353733666262366139613932666132356661653462653336373331626666
32653061333736353236396138653965303738346133383135366632383334633838653866373362
37623837306239366364323332616538376364373135646431376336333438383834653731613637
32306634626463626464326336323166656636626230333763636662316163373332356437343533
36653431326132656631633265303466316433383566343039306535626461373163643433313134
32633363386263613961623562633866663936623966666435323839393531616665343638393931
30303731643135626365363939623832316666613961383061353235616263326533356165326235
32366237366664396664343438303334376563363339323163346531303537643261643262363164
38663166306339323237643234373165643362643736633439376432656133393730653461396662
35393866346539336535613661626264303038623665653066646130626337383761313261613163
33323630383861663934383033626337653165653934386361646463623436313365636130366236
39393839396663303366383938643463306337633966396634356139616336393431653135393966
64306538333139666464383232653135346562626233343834323037616238636135623162373162
61633862306462313039636566353432646566663638396366633262633933363064376637333562
33316262636531633331313565653365623536646562333562393262353635653435316665313635
61643732633339613434306131623330366432346164643632633139396632386138353438396339
38366334626433343137616361303839666534313038396139656138616465663165383063306138
34663531656238313438616230656265313437653962333334323231356334376462326463613239
31343965373631396439366239376231306636653465386266633032636134346331393136386637
3363646263313061313632353936343738613135663464363963
